{
"dt_init": 1.000000000000000021e-03,
"dt_max": 1.000000000000000021e-03,
"cfl_scale_factor": 1.000000000000000000e+00,
"stringent_cfl": false,
"viscous_signal_factor": 1.000000000000000000e+00,
"turbulent_signal_factor": 1.000000000000000000e+00,
"residual_smoothing_weight": 2.000000000000000111e-01,
"residual_smoothing_iterations": 2,
"residual_smoothing_type": "explicit",
"fixed_time_step": false,
"print_count": 20,
"cfl_count": 10,
"max_time": 1.000000000000000021e-03,
"max_step": 100,
"dt_history": 1.000000000000000021e-03,
"dt_loads": 1.000000000000000021e-03,
"write_loads_at_step": -1,
"write_flow_solution_at_step": -1,
"snapshot_count": 1000000000,
"number_total_snapshots": 0,
"halt_now": 0
}
